0,10,18.5,24.8,36.4,38.8,35.8,25.4,17.6,9.1,16.7,27.3,27.6,29.8
0,0,8.5,14.8,26.6,29.1,26.1,17.3,10,3.5,15.5,20.9,19.1,21.8
0,0,0,6.3,18.2,20.6,17.6,13.6,9.4,10.3,19.5,19.1,12.1,16.6
0,0,0,0,12,14.4,11.5,12.4,12.6,16.7,23.6,18.6,10.6,15.4
0,0,0,0,0,3,2.4,19.4,23.3,28.2,34.2,24.8,14.5,17.9
0,0,0,0,0,0,3.3,22.3,25.7,30.3,36.7,27.6,15.2,18.2
0,0,0,0,0,0,0,20,23,27.3,34.2,25.7,12.4,15.6
0,0,0,0,0,0,0,0,8.2,20.3,16.1,6.4,22.7,27.6
0,0,0,0,0,0,0,0,0,13.5,11.2,10.9,21.2,26.6
0,0,0,0,0,0,0,0,0,0,17.6,24.2,18.7,21.2
0,0,0,0,0,0,0,0,0,0,0,14.2,31.5,35.5
0,0,0,0,0,0,0,0,0,0,0,0,28.8,33.6
0,0,0,0,0,0,0,0,0,0,0,0,0,5.1
0,0,0,0,0,0,0,0,0,0,0,0,0,0